a01
Opel Corsa 1.0 Turbo
999
14
115
11
170
12
195
11
1199
5
10.3
11
5
7
55500
5
a02
Fiat Panda 1.3 Multijet
1248
13
95
16
200
10
182
13
1035
2
11
13
3.6
4
49900
3
a03
Skoda Fabia 1.0 TSI
999
14
110
14
200
10
196
10
1055
3
9.5
10
4.4
6
53300
4
a04
Toyota Yaris 1.5 VVT-IE
1497
10
111
13
136
15
175
16
1015
1
11
13
5
7
47500
2
a05
Volkswagen Golf 1.5 TSI ACT
1498
8
150	
8
250
8
216
6
1294
7
8.3
7
5
7
78860
8
a06
Fiat Tipo 1.6 Multijet
1598
7
120
10
320
6
199
9
1345
9
9
8
4
5
63900
7
a07
Honda Jazz
1318
12
102
15
123
16
190
12
1073
4
11.2
16
5.1
10
63000
6
a08
Renault Megane 160 TCe
1332
11
159
7
260
7
205
8
1247
6
9
8
5.7
11
83200
9
a09
Volkswagen Passat 2.0 TSI
1984
4
272
2
350
4
250
1
1650
14
5.6
2
8.4
14
179490
12
a10
BMW 330i
1998
1
258
4
350
4
250
1
1545
12
5.9
3
6.5
13
180200
13
a11
Opel Insignia 2.0 Turbo
1998
1
260
3
400
3
250
1
1574
13
7.4
5
8.6
15
181500
14
a12
Honda Civic 1.5 VTEC Turbo
1498
8
182
6
240
9
218
5
1307
8
8.2
6
5.8
12
94500
10
a13
Toyota Prius
1798
6
136
9
142
14
180
14
1500
11
11
13
3.5
3
140900
11
a14
Skoda Octavia w LPG
1984
4
115
11
170
12
180
14
1345
9
10.9
12
11.5
16
9000
1
a15
BMW 530e
1998
1
252
5
420
2
209
7
2026
15
6.1
4
1.9
2
246900
15
a16
Tesla X
0
16
503
1
650
1
250
1
2441
16
3.1
1
0
1
660000
16